<TICKER>;<PER>;<DATE>;<TIME>;<OPEN>;<HIGH>;<LOW>;<CLOSE>;<VOL>;<OPENINT>
USDRUB_TOD;D;20220711;000000;61.495;61.94;58.8;59.27;1169508000;0
USDRUB_TOD;D;20220712;000000;59;59.5475;57.155;58.7325;1320312000;0
USDRUB_TOD;D;20220713;000000;58.855;59.19;57.87;58.41;1167851000;0
USDRUB_TOD;D;20220714;000000;58.2175;58.645;57.7;58.37;1031264000;0
USDRUB_TOD;D;20220715;000000;58.05;59;56.5;57.315;1180235000;0
USDRUB_TOD;D;20220718;000000;57.2;57.2;56.2;56.4775;1007252000;0
USDRUB_TOD;D;20220719;000000;56.4;56.425;54.8375;55.5375;897940000;0
USDRUB_TOD;D;20220720;000000;55.5;55.5;54.56;54.93;1336306000;0
USDRUB_TOD;D;20220721;000000;55;58.87;54.695;56.54;1510696000;0
USDRUB_TOD;D;20220722;000000;56.9;58.6;56.4;57.25;1225723000;0
USDRUB_TOD;D;20220725;000000;57.5;58.2525;57.01;58.0725;1229914000;0
USDRUB_TOD;D;20220726;000000;58.2;59.7475;58.01;59.395;1401439000;0
USDRUB_TOD;D;20220727;000000;60.71;61.11;59.06;59.915;1274177000;0
USDRUB_TOD;D;20220728;000000;59.75;61.24;59.2175;60.835;1425311000;0
USDRUB_TOD;D;20220729;000000;61.07;62.245;60.485;61.8075;1398227000;0
USDRUB_TOD;D;20220801;000000;61.425;62.6325;59.2825;60.3975;1074984000;0
USDRUB_TOD;D;20220802;000000;60.2;60.4825;59.42;60.2625;881408000;0
USDRUB_TOD;D;20220803;000000;60.05;60.85;59.85;60.435;856191000;0
USDRUB_TOD;D;20220804;000000;60.9;61.0075;60.01;60.35;772279000;0
USDRUB_TOD;D;20220805;000000;60.335;60.61;60.0475;60.4925;743944000;0
USDRUB_TOD;D;20220808;000000;60.73;61.1625;59.9075;60.45;827087000;0
USDRUB_TOD;D;20220809;000000;60.95;60.95;60.015;60.2875;1115496000;0
USDRUB_TOD;D;20220810;000000;60.27;60.55;60.11;60.48;804857000;0
USDRUB_TOD;D;20220811;000000;60.7275;60.735;60.5225;60.68;699094000;0
USDRUB_TOD;D;20220812;000000;60.45;61.0225;60.1825;60.7;1044985000;0
USDRUB_TOD;D;20220815;000000;60.7375;61.665;60.46;61.345;773507000;0
USDRUB_TOD;D;20220816;000000;61.47;61.6925;61.1975;61.4175;781989000;0
USDRUB_TOD;D;20220817;000000;60.9;61.1975;60.06;60.1825;668703000;0
USDRUB_TOD;D;20220818;000000;60.9;60.9;58.8975;59.3525;745167000;0
USDRUB_TOD;D;20220819;000000;59.88;59.88;58.2;58.9125;866742000;0
USDRUB_TOD;D;20220822;000000;58.9125;60.1525;58.9025;59.5525;966148000;0
USDRUB_TOD;D;20220823;000000;60.0975;60.4;59.61;59.745;792328000;0
USDRUB_TOD;D;20220824;000000;60.3825;60.3825;59.715;59.9775;726536000;0
USDRUB_TOD;D;20220825;000000;60.25;60.2525;59.54;60.0125;755205000;0
USDRUB_TOD;D;20220826;000000;60.1;60.345;59.735;60.065;597699000;0
USDRUB_TOD;D;20220829;000000;60.445;60.68;60.07;60.23;889035000;0
USDRUB_TOD;D;20220830;000000;60.305;60.5725;60.2;60.2;632606000;0
USDRUB_TOD;D;20220831;000000;60;60.6375;59.605;60.2525;936614000;0
USDRUB_TOD;D;20220901;000000;60.15;60.45;59.9075;60.18;689478000;0
USDRUB_TOD;D;20220902;000000;60.2975;60.4475;60.17;60.4;681353000;0
USDRUB_TOD;D;20220906;000000;61;61.0525;60.6125;60.9825;705182000;0
USDRUB_TOD;D;20220907;000000;61.05;61.55;60.85;60.89;806870000;0
USDRUB_TOD;D;20220908;000000;61.0575;61.2;60.5;60.6575;653251000;0
USDRUB_TOD;D;20220909;000000;61.0725;61.0725;60.25;60.5225;687410000;0
USDRUB_TOD;D;20220912;000000;61;61.0325;60.075;60.2275;827076000;0
USDRUB_TOD;D;20220913;000000;60.2825;60.5425;59.6475;59.905;730755000;0
USDRUB_TOD;D;20220914;000000;61;61;59.5475;59.68;962583000;0
USDRUB_TOD;D;20220915;000000;60;60.18;59.4475;60.0625;858178000;0
USDRUB_TOD;D;20220916;000000;59.9475;60.275;59.8;60.1325;856087000;0
USDRUB_TOD;D;20220919;000000;60;60.9;59.9475;60.25;989514000;0
USDRUB_TOD;D;20220920;000000;60.41;60.44;59.9;60.37;855174000;0
USDRUB_TOD;D;20220921;000000;61;62.7675;60.265;60.42;986747000;0
USDRUB_TOD;D;20220922;000000;60.8;61.2375;58.5;58.7475;1152729000;0
USDRUB_TOD;D;20220923;000000;59.2;60;56.64;57.2475;1378392000;0
USDRUB_TOD;D;20220926;000000;58.47;58.98;57.475;57.97;1124269000;0
USDRUB_TOD;D;20220927;000000;58.6;59.17;57.8825;58.395;926536000;0
USDRUB_TOD;D;20220928;000000;58.975;58.975;57.97;57.9725;1424182000;0
USDRUB_TOD;D;20220929;000000;55.265;58.205;55.265;57.2975;1491412000;0
USDRUB_TOD;D;20220930;000000;56.9325;59;53.64;58.8625;1836444000;0
USDRUB_TOD;D;20221003;000000;58.4;59.7025;56.85;59.0125;1339466000;0
USDRUB_TOD;D;20221004;000000;59.1275;59.85;58.4075;59.1525;970332000;0
USDRUB_TOD;D;20221005;000000;59;60.45;57.4;60.05;767941000;0
USDRUB_TOD;D;20221006;000000;60.495;60.96;59.7;60.86;947005000;0
USDRUB_TOD;D;20221007;000000;60.9;61.92;60.305;61.405;1100272000;0
USDRUB_TOD;D;20221011;000000;63.725;65.2625;62.6525;64.73;1281943000;0
USDRUB_TOD;D;20221012;000000;63.5;65.0975;63.5;63.7;1340521000;0
USDRUB_TOD;D;20221013;000000;64.055;64.435;62.745;63.6;1365476000;0
USDRUB_TOD;D;20221014;000000;63.4975;63.805;62.16;62.16;1623871000;0
USDRUB_TOD;D;20221017;000000;63.7175;63.7175;61.3775;61.95;1017448000;0
USDRUB_TOD;D;20221018;000000;61.9;62.4125;61.45;61.525;800587000;0
USDRUB_TOD;D;20221019;000000;61.6225;62.1275;61.35;61.7425;1108971000;0
USDRUB_TOD;D;20221020;000000;61.6275;62.0675;61.15;61.3975;853026000;0
USDRUB_TOD;D;20221021;000000;61.4225;61.745;60.6925;61.115;825810000;0
USDRUB_TOD;D;20221024;000000;61.4;61.6;60.91;61.2;715982000;0
USDRUB_TOD;D;20221025;000000;61.3925;61.55;61.16;61.335;933572000;0
USDRUB_TOD;D;20221026;000000;61.595;62;61.26;61.3625;676233000;0
USDRUB_TOD;D;20221027;000000;61.72;61.8525;61.1475;61.4475;779800000;0
USDRUB_TOD;D;20221028;000000;61.675;61.81;61.36;61.6975;863727000;0
USDRUB_TOD;D;20221031;000000;61.6025;61.9075;61.3;61.3975;827062000;0
USDRUB_TOD;D;20221101;000000;61.6;61.84;61.2;61.45;586900000;0
USDRUB_TOD;D;20221102;000000;61.345;61.7725;61.345;61.6475;745937000;0
USDRUB_TOD;D;20221103;000000;61.73;62.9325;61.73;61.8075;795234000;0
USDRUB_TOD;D;20221107;000000;62.2925;62.2925;60.8625;61.1;1171567000;0
USDRUB_TOD;D;20221108;000000;61.1175;61.475;60.6775;60.9475;688673000;0
USDRUB_TOD;D;20221109;000000;61.0525;61.395;60.835;61.395;571675000;0
USDRUB_TOD;D;20221110;000000;61.51;61.8475;60.3275;61;726757000;0
USDRUB_TOD;D;20221114;000000;60.8925;60.8925;60;60.5225;817099000;0
USDRUB_TOD;D;20221115;000000;60.62;60.73;60.0925;60.175;762802000;0
USDRUB_TOD;D;20221116;000000;60.6625;60.6675;60.02;60.1425;694682000;0
USDRUB_TOD;D;20221117;000000;60.4575;60.55;60.305;60.46;704504000;0
USDRUB_TOD;D;20221118;000000;60.5475;60.6775;60.24;60.5625;566177000;0
USDRUB_TOD;D;20221121;000000;60.6;60.9875;60.385;60.7725;609808000;0
USDRUB_TOD;D;20221122;000000;60.97;60.99;60.5175;60.58;637602000;0
USDRUB_TOD;D;20221123;000000;60.68;60.7675;60.25;60.545;783418000;0
USDRUB_TOD;D;20221125;000000;60.8;60.9925;60.3375;60.63;688027000;0
USDRUB_TOD;D;20221128;000000;60.61;61.1975;60.505;61.1975;509273000;0
USDRUB_TOD;D;20221129;000000;61.59;61.59;60.775;60.79;720550000;0
USDRUB_TOD;D;20221130;000000;61;61.13;60.71;60.89;608619000;0
USDRUB_TOD;D;20221201;000000;60.7525;61.495;60.715;61.3275;559674000;0
USDRUB_TOD;D;20221202;000000;61.5;62;61.37;61.8875;871470000;0
USDRUB_TOD;D;20221205;000000;61.9625;62.49;61.5525;62.46;654332000;0
USDRUB_TOD;D;20221206;000000;62.25;63.34;62.25;62.8375;621903000;0
USDRUB_TOD;D;20221207;000000;63.0825;63.35;62.7;62.85;658210000;0
USDRUB_TOD;D;20221208;000000;62.8725;63.05;62.2625;62.5925;550965000;0
USDRUB_TOD;D;20221209;000000;62.835;62.85;62.18;62.4725;914658000;0
USDRUB_TOD;D;20221212;000000;62.475;63.0425;62.4025;62.8925;694255000;0
USDRUB_TOD;D;20221213;000000;62.7025;63.315;62.7025;62.995;758015000;0
USDRUB_TOD;D;20221214;000000;63;63.8325;63;63.7425;542895000;0
USDRUB_TOD;D;20221215;000000;64.05;65;63.8325;64.2975;696940000;0
USDRUB_TOD;D;20221216;000000;64.405;64.715;64.4;64.5875;570784000;0
USDRUB_TOD;D;20221219;000000;64.975;68.4675;64.745;67.5;766552000;0
USDRUB_TOD;D;20221220;000000;68.45;69.78;67.0475;69.08;731699000;0
USDRUB_TOD;D;20221221;000000;69.31;70.84;69.235;70.655;737707000;0
USDRUB_TOD;D;20221222;000000;71.595;72.63;68.8275;69.8;708340000;0
USDRUB_TOD;D;20221223;000000;68.7;70.3075;67.0875;68.7975;841542000;0
USDRUB_TOD;D;20221227;000000;69.5;70.83;68.3;70.83;750576000;0
USDRUB_TOD;D;20221228;000000;70.5525;72.0575;70.5525;71.9875;830624000;0
USDRUB_TOD;D;20221229;000000;71.7175;72.8775;70.9;71.4025;1046511000;0
USDRUB_TOD;D;20221230;000000;71.7975;72.4975;68.3;68.9975;1045818000;0
USDRUB_TOD;D;20230109;000000;72;72.0925;69.33;69.8675;778987000;0
USDRUB_TOD;D;20230110;000000;70.235;70.235;69.2225;69.94;751244000;0
USDRUB_TOD;D;20230111;000000;70;70.4;68.26;68.67;519795000;0
USDRUB_TOD;D;20230112;000000;68.8925;68.8925;67.4975;67.7025;567065000;0
USDRUB_TOD;D;20230113;000000;67.705;68.8675;67.005;68.45;619486000;0
USDRUB_TOD;D;20230117;000000;68.8;69.375;68.3175;69.0975;578498000;0
USDRUB_TOD;D;20230118;000000;69.44;69.87;68.6775;68.9;593416000;0
USDRUB_TOD;D;20230119;000000;69.2;69.205;68.7;68.86;465602000;0
USDRUB_TOD;D;20230120;000000;68.9;68.9725;68.45;68.9625;570754000;0
USDRUB_TOD;D;20230123;000000;68.6525;68.9975;68.4475;68.73;486783000;0
USDRUB_TOD;D;20230124;000000;68.9025;69.075;68.6;68.9325;486437000;0
USDRUB_TOD;D;20230125;000000;69;69.6725;68.58;69.2825;588157000;0
USDRUB_TOD;D;20230126;000000;69.3025;69.715;68.7825;69.24;587204000;0
USDRUB_TOD;D;20230127;000000;69.3125;69.75;69.1575;69.49;568379000;0
USDRUB_TOD;D;20230130;000000;69.5075;70.22;69.325;70.03;627547000;0
USDRUB_TOD;D;20230131;000000;70.3;70.7725;69.99;70.06;585377000;0
USDRUB_TOD;D;20230201;000000;70.0175;70.45;69.93;70.19;528819000;0
USDRUB_TOD;D;20230202;000000;69.885;70.3375;69.7825;70.3025;433141000;0
USDRUB_TOD;D;20230203;000000;70.5;70.7625;70.1875;70.59;441907000;0
USDRUB_TOD;D;20230206;000000;70.7025;70.985;70.43;70.9375;539673000;0
USDRUB_TOD;D;20230207;000000;71.0375;71.3625;70.715;71.2;637550000;0
USDRUB_TOD;D;20230208;000000;71.15;72.2675;70.91;72.2325;534857000;0
USDRUB_TOD;D;20230209;000000;72.4025;73.405;72.4025;72.7775;585703000;0
USDRUB_TOD;D;20230210;000000;73.15;73.4825;72.5475;73.2175;380071000;0
USDRUB_TOD;D;20230213;000000;73.26;73.88;73.2;73.805;388022000;0
USDRUB_TOD;D;20230214;000000;73.945;73.9925;72.9375;73.6;510798000;0
USDRUB_TOD;D;20230215;000000;73.7;74.66;73.7;74.445;394578000;0
USDRUB_TOD;D;20230216;000000;75.08;75.08;74.505;74.8075;488485000;0
USDRUB_TOD;D;20230217;000000;74.9;75.275;73.935;74.1;485272000;0
USDRUB_TOD;D;20230221;000000;74.6625;75.1675;74.4475;75.1;574868000;0
USDRUB_TOD;D;20230222;000000;75.215;76.04;74.9875;75.8;1577760000;0
USDRUB_TOD;D;20230227;000000;76.5;76.5;74.64;74.7425;830559000;0
USDRUB_TOD;D;20230228;000000;74.62;75.5375;73.915;75;627228000;0
USDRUB_TOD;D;20230301;000000;75;75.5225;74.95;75.03;553751000;0
USDRUB_TOD;D;20230302;000000;75.2;75.6675;75.155;75.4175;415780000;0
USDRUB_TOD;D;20230303;000000;75.0425;75.705;75.0425;75.52;368781000;0
USDRUB_TOD;D;20230306;000000;75.31;75.905;75.25;75.3625;457266000;0
USDRUB_TOD;D;20230307;000000;75.355;75.6625;75.2725;75.6175;489349000;0
USDRUB_TOD;D;20230309;000000;75.755;76.295;75.59;75.8475;359645000;0
USDRUB_TOD;D;20230310;000000;75.8175;76.0825;75.7875;75.98;486275000;0
USDRUB_TOD;D;20230313;000000;76.0975;76.0975;74.92;75.22;499525000;0
USDRUB_TOD;D;20230314;000000;75.1;75.5;74.955;75.195;363130000;0
USDRUB_TOD;D;20230315;000000;75.2875;76.095;75.1525;76.03;560283000;0
USDRUB_TOD;D;20230316;000000;76.0325;77.475;75.985;76.775;621975000;0
USDRUB_TOD;D;20230317;000000;76.76;77.1375;76.3;77.13;441960000;0
USDRUB_TOD;D;20230320;000000;77.1475;77.745;76.55;77.1175;541702000;0
USDRUB_TOD;D;20230321;000000;77.01;77.3075;76.6;76.695;393898000;0
USDRUB_TOD;D;20230322;000000;76.8175;77.1;76.5975;76.84;388163000;0
USDRUB_TOD;D;20230323;000000;76.7325;76.965;75.7225;76.0275;531887000;0
USDRUB_TOD;D;20230324;000000;76.175;76.8;76.0025;76.695;460424000;0
USDRUB_TOD;D;20230327;000000;76.9;77.245;76.405;76.65;499511000;0
USDRUB_TOD;D;20230328;000000;76.635;76.9775;76.285;76.8975;370988000;0
USDRUB_TOD;D;20230329;000000;76.9925;77.17;76.64;77.0825;498566000;0
USDRUB_TOD;D;20230330;000000;77.11;77.295;76.875;77.1275;383689000;0
USDRUB_TOD;D;20230331;000000;77.01;77.9575;76.9325;77.5275;606177000;0
USDRUB_TOD;D;20230403;000000;77.59;78.6725;77.405;78.53;320523000;0
USDRUB_TOD;D;20230404;000000;78.705;79.67;78.705;79.1925;340983000;0
USDRUB_TOD;D;20230405;000000;79.38;79.8375;79.2;79.7225;300878000;0
USDRUB_TOD;D;20230406;000000;79.79;81.13;79.5975;81.065;366481000;0
USDRUB_TOD;D;20230407;000000;81.3625;83.495;80.75;80.845;416241000;0
USDRUB_TOD;D;20230410;000000;80.7675;82.1775;80.65;81.74;465916000;0
USDRUB_TOD;D;20230411;000000;81.63;82.5725;81.6125;82.12;393899000;0
USDRUB_TOD;D;20230412;000000;82.095;82.425;81.9725;82.2275;421783000;0
USDRUB_TOD;D;20230413;000000;82;82.105;81.2375;81.485;479985000;0
USDRUB_TOD;D;20230414;000000;81.5;81.785;81.1425;81.745;394426000;0
USDRUB_TOD;D;20230417;000000;81.8775;82.3275;81.1575;81.52;404039000;0
USDRUB_TOD;D;20230418;000000;81.355;81.935;81.25;81.69;362401000;0
USDRUB_TOD;D;20230419;000000;81.4575;81.9725;81.4575;81.7325;473404000;0
USDRUB_TOD;D;20230420;000000;81.8275;81.9175;81.28;81.4225;338816000;0
USDRUB_TOD;D;20230421;000000;81.73;81.7975;81.25;81.6525;348826000;0
USDRUB_TOD;D;20230424;000000;81.735;81.86;80.7875;81.33;459496000;0
USDRUB_TOD;D;20230425;000000;81.5075;81.685;81.1825;81.6575;641808000;0
USDRUB_TOD;D;20230426;000000;81.505;81.7525;81.46;81.515;379834000;0
USDRUB_TOD;D;20230427;000000;81.6175;81.99;81.1775;81.25;584577000;0
USDRUB_TOD;D;20230428;000000;81.06;81.6225;79.03;80.4;648756000;0
USDRUB_TOD;D;20230502;000000;80.26;80.62;79.57;79.7475;575018000;0
USDRUB_TOD;D;20230503;000000;79.7125;80.05;78.9275;79.3;333383000;0
USDRUB_TOD;D;20230504;000000;79.33;79.4875;77.635;77.925;461614000;0
USDRUB_TOD;D;20230505;000000;77.95;78.2;76.265;78;641571000;0
USDRUB_TOD;D;20230510;000000;78;78.2475;75.835;76.23;571198000;0
USDRUB_TOD;D;20230511;000000;76.165;77.2075;75.23;76.925;537056000;0
USDRUB_TOD;D;20230512;000000;77.0975;78.015;76.2;77.5925;531762000;0
USDRUB_TOD;D;20230515;000000;78;79.505;77.965;79.335;459268000;0
USDRUB_TOD;D;20230516;000000;79.1975;80.485;79.185;80.42;390362000;0
USDRUB_TOD;D;20230517;000000;80.4925;81.0775;80.1075;80.21;332370000;0
USDRUB_TOD;D;20230518;000000;79.8575;80.4975;79.5025;80.11;415202000;0
USDRUB_TOD;D;20230519;000000;80.2975;80.55;79.7;79.9275;427340000;0
USDRUB_TOD;D;20230522;000000;79.635;80.155;79.635;79.98;321806000;0
USDRUB_TOD;D;20230523;000000;80.15;80.4725;79.7475;80.1;386137000;0
USDRUB_TOD;D;20230524;000000;80.2725;80.35;79.85;79.995;330135000;0
USDRUB_TOD;D;20230525;000000;80.1675;80.4375;79.7325;80.1975;425715000;0
USDRUB_TOD;D;20230526;000000;80.095;80.2775;79.805;79.9675;365542000;0
USDRUB_TOD;D;20230530;000000;80.8875;81.395;80.1775;80.9175;473343000;0
USDRUB_TOD;D;20230531;000000;81.3;81.3;80.8125;81.075;444796000;0
USDRUB_TOD;D;20230601;000000;81.02;81.175;80.4875;80.7825;281177000;0
USDRUB_TOD;D;20230602;000000;80.5925;81.58;80.5925;81.58;429852000;0
USDRUB_TOD;D;20230605;000000;81.53;81.9175;80.72;80.925;558022000;0
USDRUB_TOD;D;20230606;000000;81.0725;81.6675;80.885;81.5275;353211000;0
USDRUB_TOD;D;20230607;000000;81.4625;81.9;81.3025;81.885;353124000;0
USDRUB_TOD;D;20230608;000000;81.9125;82.775;81.81;82.62;391033000;0
USDRUB_TOD;D;20230609;000000;82.7625;83.04;82.2625;82.6125;404831000;0
USDRUB_TOD;D;20230613;000000;82.9;84.1375;82.745;84.02;510591000;0
USDRUB_TOD;D;20230614;000000;84.4;85.0425;83.7475;84.1375;589494000;0
USDRUB_TOD;D;20230615;000000;84.2825;84.665;83.305;83.53;529570000;0
USDRUB_TOD;D;20230616;000000;83.6825;84;83.4075;83.99;520568000;0
USDRUB_TOD;D;20230620;000000;84.195;84.6975;84.025;84.6875;421213000;0
USDRUB_TOD;D;20230621;000000;84.7;84.98;83.79;83.8075;402584000;0
USDRUB_TOD;D;20230622;000000;83.85;84.07;83.4225;84.035;508797000;0
USDRUB_TOD;D;20230623;000000;84.3425;84.845;83.6;84.6825;487165000;0
USDRUB_TOD;D;20230626;000000;85.32;87.29;84.24;85.325;590130000;0
USDRUB_TOD;D;20230627;000000;84.7275;85.23;84.4025;85.14;460840000;0
USDRUB_TOD;D;20230628;000000;84.5525;86.51;84.5525;86.5;382714000;0
USDRUB_TOD;D;20230629;000000;86.5;87.54;85.7475;87.245;393576000;0
USDRUB_TOD;D;20230630;000000;87.53;89.56;87.2525;89.25;438299000;0
USDRUB_TOD;D;20230703;000000;89.255;89.7;88.125;88.8725;417094000;0
USDRUB_TOD;D;20230705;000000;89.72;91.07;89.2825;90.6325;322943000;0
USDRUB_TOD;D;20230706;000000;90.99;93.85;90.99;91.11;373744000;0
USDRUB_TOD;D;20230707;000000;91.8;92.725;90.965;90.9725;305105000;0
USDRUB_TOD;D;20230710;000000;91.4;91.9925;90.305;90.8525;347754000;0
